  0.333333343    
  0.666666687    
   1.00000000    
   1.33333337    
   1.66666663    
   2.00000000    
   2.33333325    
   2.66666675    
   3.00000000    
   3.33333325    
   3.66666675    
   4.00000000    
   4.33333349    
   4.66666651    
   5.00000000    
   5.33333349    
   5.66666651    
   6.00000000    
   6.33333349    
   6.66666651    
   7.00000000    
   7.33333349    
   7.66666651    
   8.00000000    
   8.33333302    
   8.66666698    
   9.00000000    
   9.33333302    
   9.66666698    
   10.0000000    
   10.3333330    
   10.6666670    
   11.0000000    
   11.3333330    
   11.6666670    
   12.0000000    
   12.3333330    
   12.6666670    
   13.0000000    
   13.3333330    
   13.6666670    
   14.0000000    
   14.3333330    
   14.6666670    
   15.0000000    
   15.3333330    
   15.6666670    
   16.0000000    
   16.3333340    
   16.6666660    
   17.0000000    
   17.3333340    
   17.6666660    
   18.0000000    
   18.3333340    
   18.6666660    
   19.0000000    
   19.3333340    
   19.6666660    
   20.0000000    
   20.3333340    
   20.6666660    
   21.0000000    
   21.3333340    
   21.6666660    
   22.0000000    
   22.3333340    
   22.6666660    
   23.0000000    
   23.3333340    
   23.6666660    
   24.0000000    
   24.3333340    
   24.6666660    
   25.0000000    
   25.3333340    
   25.6666660    
   26.0000000    
   26.3333340    
   26.6666660    
   27.0000000    
   27.3333340    
   27.6666660    
   28.0000000    
   28.3333340    
   28.6666660    
   29.0000000    
   29.3333340    
   29.6666660    
   30.0000000    
   30.3333340    
   30.6666660    
   31.0000000    
   31.3333340    
   31.6666660    
   32.0000000    
   32.3333321    
   32.6666679    
   33.0000000    
   33.3333321    
