set nokey
set cbtics scale 0
set title "Perlin Noise in Fortran"
set pm3d interpolate 2, 2
splot "-" matrix with pm3d
73.19341 70.59566 66.97929 65.37561 64.01080 61.71554 59.71213 57.52402 57.79623 56.34443 54.77203 53.64136 52.06020 50.06555 50.05577 49.07328 50.25208 50.63872 51.23146 50.13937 50.71458 50.11832 49.47082 48.29921 47.76043 47.44273 47.40508 45.71528 46.18370 46.81792 47.24629 46.38863 47.60406 51.29713 52.37061 53.52312 56.06772 56.60899 58.61860 58.13792 58.34833 60.67187 60.73081 60.65662 61.55686 58.72089 56.20306 56.37305 56.55152 56.38719 56.28216 57.66876 57.72508 56.43854 53.78634 51.80276 50.56897 49.21609 48.98626 48.21480 47.23923 46.83706 46.12648 44.62861 45.34898 46.80829 48.75762 50.42682 50.94893 50.66423 51.31850 52.05554 53.99121 53.85197 53.21688 53.55889 55.17107 57.08577 55.68005 53.99192 53.93613 52.54036 52.10515 53.82062 53.79794 52.46626 51.47722 50.89590 50.86037 52.01875 49.69917 45.53372 41.28040 39.02821 39.01366 37.70422 38.37327 37.98524 37.30999 37.45221 38.71468 40.06677 40.87082 42.80474 42.33469 42.22644 41.57139 39.79824 39.13575 37.82563 34.78701 30.31892 29.73116 29.84862 29.25467 28.10545 27.99736 26.98911 26.23808 25.97120 25.81441 24.85312 25.30770 24.25035 25.07760 24.49195 23.89454 24.04148 
73.49146 71.16858 67.57711 66.29015 62.88971 59.84872 58.66510 57.69543 57.09389 56.32966 54.44899 53.14258 52.21402 50.88071 49.39327 48.35879 50.41277 50.77090 50.94368 50.05093 49.32200 49.08916 48.57742 48.90791 48.53067 47.89494 47.51697 46.14005 46.93284 48.06736 47.63250 48.25814 49.69840 52.65759 54.55505 55.27502 56.65234 58.06614 57.99564 57.48266 56.58164 59.66867 61.08073 59.62815 60.62766 59.24734 56.59547 57.20676 57.40531 56.23541 55.83782 55.64248 56.39289 54.91329 53.23485 50.77422 50.47787 50.68971 52.01696 50.77726 49.32670 50.07850 48.29020 46.79028 46.38021 47.45385 51.17724 52.83765 52.58838 53.10489 53.42949 53.39153 55.30524 56.27658 55.62086 55.19666 55.96955 57.16608 54.77637 53.95015 53.53003 52.46342 52.44678 55.28226 55.02168 53.62271 52.45187 51.76216 51.76273 52.20439 49.99363 45.02327 41.58378 39.06423 39.22652 38.76760 39.49178 38.45623 37.89868 37.89786 38.02876 37.98448 38.80907 40.83855 40.79836 41.36525 41.04476 39.34135 37.40051 34.78176 32.97281 31.49824 30.36425 29.96848 29.43817 28.23602 29.22330 28.70263 28.57868 28.35485 27.53091 27.56471 27.40021 27.79824 28.59723 27.47751 26.29610 25.67400 
71.92398 71.14109 69.75821 66.74714 62.41891 58.41963 58.03310 58.90524 57.93090 55.85947 53.66700 51.89960 51.06802 51.21282 48.53165 48.57966 48.96503 49.72716 50.23088 50.63398 48.75525 47.32131 48.25227 48.35005 48.19632 47.07313 47.17519 47.62148 47.34213 47.41674 46.91064 48.79762 50.30151 53.27175 56.02897 55.86484 56.61061 57.60611 57.40940 56.14342 57.44936 59.43349 58.07713 58.60600 59.26148 58.06132 55.43845 58.34616 58.12132 57.18233 56.89464 56.11525 55.54870 55.08855 53.26257 51.13102 51.45045 51.88134 53.82514 51.80215 50.57483 50.35919 49.83832 49.45930 49.97394 50.99208 52.01599 52.95501 54.53825 56.82045 56.29015 54.55628 56.90564 58.08530 56.89713 57.02514 56.78709 56.64797 56.83481 54.80162 50.90877 50.81448 51.40119 55.16953 55.04895 54.76077 53.13005 52.68991 51.27766 51.89539 50.10900 46.41445 42.66560 39.40881 39.12087 39.27134 38.77630 39.25671 39.64776 39.31654 36.56991 36.46025 38.74039 37.70888 39.15463 39.60447 40.72126 39.67303 36.57291 33.49546 31.54542 31.74890 30.05454 30.11547 29.26329 29.36177 31.31328 32.59348 31.02242 30.16812 29.90326 30.71744 32.29383 33.02624 33.46592 32.49319 30.32445 29.12320 
73.27332 71.65510 69.18398 67.69844 63.73242 61.21677 59.77405 59.67951 57.90248 54.10891 51.94573 49.44627 48.40642 48.89485 48.49042 48.72733 48.92034 49.44114 50.13160 49.97607 48.21511 48.17615 47.22651 47.72547 46.70164 48.13702 48.25821 47.59192 47.18207 46.61043 46.38983 46.47678 49.63585 52.69370 54.61715 55.10459 56.04671 57.16593 56.19234 56.81932 55.96047 56.58142 56.97710 57.20618 57.44807 57.03927 56.30688 58.12643 58.80648 57.58533 57.81624 55.98534 54.95862 54.97277 53.25830 51.40973 51.06389 52.01056 53.33133 53.03122 51.40746 50.69886 50.53754 50.53440 49.98420 51.65931 53.11394 55.72513 56.42981 57.62574 57.14661 56.93494 57.23519 57.67890 58.00829 58.57543 58.12780 56.38307 54.97040 53.25836 49.75010 49.43395 52.13230 53.94751 54.89257 54.93885 51.43267 50.51785 50.83849 51.07377 50.04082 47.05449 43.85120 40.81975 40.47600 41.38846 41.08687 41.26601 40.73234 38.81238 38.04806 37.93095 37.20066 37.98394 39.35226 39.79405 38.46047 37.34692 36.03638 34.57708 33.22620 30.32727 30.31646 30.71177 31.80236 31.99185 33.44989 35.58500 35.62306 34.14190 33.65832 32.14027 34.49209 34.72314 34.70093 32.32530 31.25186 30.36406 
72.25921 71.01674 67.78242 66.96800 64.91557 64.27881 61.91158 59.97757 57.49664 54.30881 50.24905 47.16797 46.10023 48.68417 48.61903 48.87864 50.31406 49.51606 48.96010 49.67253 48.57457 47.98643 46.90751 46.30436 46.23429 47.46628 48.43478 48.11794 46.67043 46.27958 45.39588 46.61262 47.62503 50.76329 53.23803 54.10242 54.10440 55.97081 56.42928 56.70901 56.87167 55.19682 54.59560 55.69889 55.65247 56.56872 57.71565 58.37506 57.88876 57.16228 56.49400 55.57158 53.53254 54.31602 54.33219 52.71983 52.12501 52.53310 53.31265 52.45644 50.54173 49.95406 49.22727 50.66160 50.79884 52.72050 53.96308 57.23534 58.05113 58.86345 58.11353 58.39584 57.27390 57.40569 57.31379 57.87221 58.06091 55.25477 53.52475 52.90094 50.27393 50.01862 52.17787 54.46935 54.51480 53.39539 50.36028 49.34126 49.36269 49.79841 49.19769 46.71348 43.96823 42.09840 41.04484 42.73080 44.87249 43.01738 41.66750 39.08718 39.17860 39.43573 38.82338 38.53504 39.97199 40.50819 38.25672 36.62793 36.95491 35.10907 33.25056 31.71231 29.74521 32.45007 34.72233 35.57528 35.68086 38.17773 37.71774 35.52255 34.40723 33.93620 34.81826 34.75157 34.75768 33.16573 33.32155 32.78777 
70.50557 68.78059 67.17444 67.79729 66.73647 65.61855 63.57155 60.50772 56.64369 53.31536 47.86385 46.68802 46.03705 47.40941 49.49638 51.11502 50.56092 50.86972 49.46581 48.85391 47.34877 46.41660 45.06319 45.09559 45.61462 45.40201 46.94455 47.83829 45.83801 44.45250 44.71247 46.76024 47.26487 49.35190 51.17434 52.62733 54.09176 55.19996 57.21510 57.51611 56.97913 54.86955 53.72488 52.99175 54.10960 55.72731 57.95628 56.35386 55.88949 56.32990 54.35532 53.88024 55.55963 53.76145 53.09167 53.79497 53.30603 52.21233 51.62880 51.45274 48.32875 49.05263 50.32972 51.22720 51.24156 52.81929 54.36852 56.85439 58.41104 60.70691 59.15423 58.40858 57.06578 58.11898 60.07956 58.05883 57.13100 55.81718 53.87231 51.34409 51.12368 52.37870 53.25014 54.55910 53.54077 50.22054 49.81459 49.74967 51.38336 49.81143 49.13669 46.14907 41.90476 39.95817 42.47409 45.20115 46.85616 44.27705 42.61189 42.36932 41.57553 41.81393 41.11024 40.57743 40.50388 39.61588 39.46023 39.05079 37.61552 36.18110 32.44424 32.49642 32.16574 33.74073 33.59927 35.59350 38.71372 40.14751 38.55216 37.13986 36.65816 35.50711 35.44132 36.14174 36.07855 35.91427 35.49277 36.15498 
71.04774 70.08469 68.50942 67.92014 67.60921 65.42293 64.71814 61.35242 57.59288 54.64460 50.15051 48.79549 48.38128 49.22684 50.58989 51.71603 50.96938 49.39874 48.52451 47.83162 46.29410 44.90961 44.38751 43.02214 42.60760 43.92984 44.45356 45.45044 44.87156 43.60133 44.28915 46.70498 47.74907 49.08556 50.32017 52.28932 54.28989 54.85281 55.75593 56.78775 56.27591 54.33609 53.44862 53.65528 53.51003 54.68195 55.15097 55.75674 54.92990 54.39680 54.01773 53.85879 54.05500 54.51558 53.87164 53.66463 52.76984 52.37784 49.35396 50.18598 49.93901 48.59122 48.62122 49.79587 50.87433 52.36280 54.21338 57.45771 58.48182 59.49693 58.48301 58.55900 57.50255 57.78199 59.87353 59.12069 57.43067 55.19360 54.22770 52.20073 51.45612 51.81638 51.08949 52.92849 51.66715 50.78519 48.93417 48.80064 49.42208 48.97451 49.12154 45.15093 43.33816 41.84232 43.98701 46.37074 47.51664 46.44611 44.01728 43.72457 43.86605 44.20741 43.85818 41.41848 41.01998 40.26548 40.36697 39.77325 37.19165 36.32228 34.02664 33.52991 33.13964 34.61558 34.71919 36.34177 38.77159 40.17327 39.43993 39.54494 37.84431 37.30073 37.73976 38.00357 36.42866 38.00614 38.54881 37.81247 
72.06870 71.58019 69.54754 68.85635 67.19688 64.44379 64.12908 62.71828 58.63900 55.80561 53.35249 52.28091 51.38628 50.97724 52.63609 52.50187 50.78772 50.69484 47.79563 45.18605 44.35801 42.81432 42.48380 39.94784 37.83256 39.60802 41.71288 42.90170 44.35778 43.90613 44.88591 46.36539 48.62770 48.67071 49.87156 51.18866 53.55375 54.23888 54.59033 55.48678 54.92633 52.89648 53.12569 54.01857 51.96565 52.73893 53.02119 54.27308 54.62400 52.19831 54.30495 55.14287 53.98005 55.04638 55.08881 52.88359 52.45396 51.48954 50.07434 49.13412 50.20360 47.60479 46.96175 46.45104 49.72304 51.30710 53.83964 55.77615 57.53892 58.13824 57.64627 57.38355 58.09444 57.64333 57.99514 57.84059 57.13169 54.45336 53.75854 53.83641 52.73147 50.54099 50.30224 50.30848 50.87424 49.40039 49.29526 48.61840 47.76160 48.06646 47.81696 45.94895 43.67363 43.86429 45.23432 46.76309 46.94440 47.80803 46.34351 45.04403 45.77396 45.77738 44.96585 42.34828 40.06155 40.37752 41.12489 41.05318 38.92212 37.91009 35.92797 34.86660 33.78810 34.80037 36.81073 37.36349 39.42503 40.63655 40.49135 40.94342 40.19577 38.43948 38.12882 37.91982 36.88986 38.09420 39.20247 39.16978 
71.19169 70.84430 70.97228 69.45151 65.71401 61.68074 61.40421 61.59491 58.51453 56.74355 54.96982 55.20214 54.73576 52.24361 52.58020 52.18514 51.14745 50.83557 48.65364 46.45016 43.51157 41.16959 38.15895 36.85352 36.87244 37.33661 40.68155 43.03740 43.12377 42.27819 42.89117 45.63211 48.41193 49.95590 50.53932 50.19635 52.79255 52.81780 53.49489 55.89750 55.46146 54.76802 53.60275 52.43696 52.78038 52.66751 51.08101 52.91906 53.30236 52.17035 52.76463 54.45264 54.81479 54.18256 52.96475 53.38791 50.62621 49.56330 49.20746 48.66788 46.41803 47.59873 46.90980 47.72069 48.83378 49.17888 50.56882 52.91134 55.47952 56.66526 57.32495 56.70645 56.58093 55.33129 55.05602 56.07368 56.70671 54.60209 54.18126 53.56889 53.95183 52.41711 48.99218 49.67270 48.63232 47.33435 49.15897 49.21704 47.53353 47.87904 47.75333 47.40188 46.72826 47.60352 47.14070 48.15107 48.10321 48.81190 47.95213 46.53212 46.76287 46.42456 45.48884 43.71091 40.12757 38.77799 39.85649 42.51780 42.61338 41.69958 39.37984 36.96748 36.87171 36.98720 38.76169 39.18614 40.93009 42.59291 42.69389 41.23466 39.45225 38.82338 38.61677 37.61780 36.90845 37.19215 38.06962 38.08938 
70.34395 69.73521 69.81350 67.73808 64.80422 61.78468 61.29720 61.32945 59.69294 58.39050 57.16082 58.31129 57.47264 55.20967 53.31818 52.79401 50.85956 49.83182 47.21745 45.33889 42.46894 38.95118 36.03144 34.92107 34.65149 34.65521 37.96535 41.79438 42.35312 43.52497 44.77148 46.02722 48.60514 50.76355 51.30760 50.56827 51.87657 51.14272 52.01067 53.83659 54.87092 52.89362 53.14550 52.71679 52.04546 51.20139 49.39097 50.37274 50.11493 50.57728 50.85905 52.80003 54.78238 54.43957 53.37053 53.06685 50.43380 49.66693 48.73036 47.99306 44.79548 45.02688 46.12282 46.40981 46.85014 46.95800 48.19724 52.10422 54.00488 55.65012 56.17129 55.71277 55.45586 54.38385 54.97990 56.49899 56.50323 55.92233 55.60342 54.94468 56.00434 53.96677 50.30082 49.35254 48.23974 46.62182 47.48433 47.83141 47.47588 46.61448 47.12179 47.64181 47.38319 49.25662 49.31668 49.96368 49.33374 48.58340 46.86411 47.20345 47.07554 45.79216 45.48227 44.13109 41.61159 40.08256 41.13535 42.17323 43.12862 42.57464 40.99092 39.61758 38.95268 39.02187 39.58437 40.15629 41.64273 42.50318 42.71209 41.40102 39.68696 37.98777 39.12858 37.60288 37.25576 36.66868 38.10543 40.16703 
69.00446 66.90994 66.58324 64.59592 63.32903 63.09382 62.94345 63.45269 61.84218 59.76059 59.52011 61.07059 60.44366 57.18333 56.43410 54.95641 50.00603 47.15623 44.53902 43.45341 41.20962 37.51983 34.39225 33.90408 34.49101 34.58963 36.28698 39.95919 43.44908 44.61012 46.72784 48.22997 50.09103 49.41894 50.73898 51.81779 51.57259 51.67488 51.78967 51.32513 51.36598 51.22434 50.43742 51.22879 49.54350 47.28391 46.72698 47.43658 49.05490 50.16330 50.73468 50.76500 53.35748 53.32506 51.41895 51.37868 50.63705 48.97760 45.99807 45.72805 42.83244 42.51476 42.61409 46.26990 46.30031 46.76464 47.96384 50.81677 53.60341 52.85441 54.44637 56.00115 54.42714 55.16938 56.02941 56.26080 56.63474 58.11970 57.04103 56.45316 57.59147 54.91869 51.60810 49.41905 47.66259 48.31427 46.17345 46.52055 46.76588 46.55130 47.83194 48.68903 49.72023 50.78604 51.32027 50.76654 49.53239 47.41783 45.96453 47.92594 46.09067 45.58493 44.34323 44.18954 44.55650 42.79333 42.77409 42.08018 41.43349 43.24009 42.67290 42.69861 41.29640 41.03869 41.18348 42.04468 40.28479 40.52299 41.54294 40.14293 39.86179 38.79327 38.60170 38.19019 37.73638 39.52477 40.86715 42.34061 
69.10472 66.44643 65.23486 63.31878 62.74077 60.83375 61.38775 63.07029 62.50269 61.97478 60.43000 61.03244 60.79828 58.40120 56.77933 53.87871 50.96255 47.91263 46.36720 42.99093 38.41603 33.86947 33.18692 33.41048 33.95109 34.14598 35.88628 38.70583 42.50477 44.67639 48.48683 49.85355 48.90799 50.24028 50.98808 52.45662 51.95499 51.12756 50.96548 51.18137 51.14980 49.18956 49.48565 48.42224 47.26092 46.35991 44.96906 46.87813 47.57548 48.11551 47.32257 47.51261 49.04720 50.21163 52.23111 51.59500 49.99294 47.07121 44.41401 43.46978 43.06483 43.12464 42.45227 46.26238 46.11111 46.23477 47.26568 49.34748 51.50616 51.76290 52.71369 53.38540 54.22150 55.08139 56.08200 56.18959 57.64701 58.90952 58.68018 58.24307 57.44872 56.14463 54.47194 50.59705 49.41959 47.26439 45.16636 44.85637 47.00674 46.21103 46.69263 48.60841 50.94501 52.64932 51.66222 48.95762 46.86055 47.77391 47.71241 48.60898 46.62795 44.61228 43.23370 43.65225 45.34695 47.20775 45.94147 43.89228 41.19709 42.70825 44.04977 44.39613 43.55193 43.74589 43.16026 41.92477 42.03737 41.19578 41.58037 41.18849 37.85488 35.28476 36.41505 37.15954 38.22291 40.27610 42.46444 42.42053 
69.88761 67.15244 65.07149 63.88425 63.04316 61.85303 61.21175 63.05948 63.32660 62.58826 60.79146 61.17606 60.58318 58.33943 57.46072 55.30592 51.23521 48.60896 47.32203 44.01705 38.48283 34.80716 33.89915 33.74553 34.21492 35.63190 36.12473 39.46531 42.64075 45.27922 49.13295 49.22633 49.23950 49.62289 50.26295 51.49063 50.97950 50.71263 49.64295 50.20211 50.08013 47.99597 47.74229 47.39613 46.11396 43.88558 42.72000 44.53010 45.10280 45.02132 44.74773 45.31984 46.12920 48.15646 50.39676 50.64759 47.77628 45.11865 42.34053 42.00206 42.65524 41.75312 42.80287 45.14684 45.66306 46.22365 47.49008 48.46791 50.04139 51.88355 51.71629 52.42649 54.31574 55.48409 55.88705 56.46516 57.79191 58.71432 58.86634 58.54619 58.12046 56.84664 54.74240 51.39491 49.52823 48.81451 45.72597 45.84638 47.28844 47.02498 47.31731 49.45267 50.84961 53.12190 51.42156 49.72385 48.21721 47.92625 48.26686 49.40548 47.71133 45.84358 44.80186 45.11174 46.34603 48.76155 46.18114 44.93497 42.16542 43.58339 44.95136 44.91297 44.63070 44.78436 44.37427 43.24754 42.24676 41.24503 40.65025 40.66840 38.34826 35.59583 36.14889 37.10078 39.20079 39.97301 41.14048 42.99701 
69.65224 67.81660 65.64487 66.20496 65.82025 63.63056 63.59469 63.42279 64.28197 63.94515 62.91446 60.58673 60.89283 60.63015 58.03245 55.53225 53.22549 49.63440 48.77523 45.43603 41.76805 38.14463 36.13836 37.07092 36.67487 37.97424 38.90044 41.47774 43.15056 46.03816 49.68316 50.12324 50.33838 50.09058 49.76473 48.40664 48.31282 48.20189 47.60469 48.05083 46.97088 45.94175 46.05917 43.97116 43.39524 43.66061 41.36420 41.28320 40.07060 40.57234 42.39010 43.30963 42.11210 44.04938 44.19933 45.62570 44.94972 44.10905 42.10512 41.08236 41.47137 41.57640 42.89391 45.73528 46.04912 47.13667 49.13920 48.95135 48.77285 50.51537 52.17363 53.45864 54.75152 56.35120 56.24904 56.44621 56.85586 57.31992 58.96242 58.52608 57.30454 56.73182 53.73916 51.83325 49.10310 49.19535 49.07351 49.02662 46.78198 48.07507 48.20360 49.75444 49.45027 50.16117 51.62881 51.11273 50.78186 49.19031 47.42747 48.02710 47.56946 47.45116 47.40408 47.08400 47.95163 47.47172 47.01380 48.58631 46.97811 47.48944 45.55614 46.98125 46.49149 45.40191 45.59654 44.89493 41.75960 39.01879 39.96897 40.85901 40.96200 40.48818 38.29344 37.82420 38.11332 38.00087 38.30186 40.55780 
69.97752 69.58075 69.79195 67.14783 65.62820 64.96782 65.41599 65.36770 64.73724 63.87431 62.06903 60.70414 59.88601 59.89067 59.39601 57.33522 54.11478 51.98451 49.17661 45.83400 43.18876 41.81011 39.25559 39.26984 40.99255 41.09170 41.73983 42.73791 44.91884 48.76189 49.60044 49.91714 50.24738 49.61309 49.88547 49.51506 47.92386 46.42584 43.93854 43.06995 42.82564 43.04482 41.92561 41.14408 41.76458 41.64018 40.50854 37.99125 35.29116 34.85924 36.11298 37.91296 39.85300 40.04379 40.91807 41.45794 42.06178 43.82034 43.34147 41.88776 42.25888 42.63943 43.37593 44.54909 47.59061 48.49470 47.88469 47.69308 49.71838 49.90371 51.84373 52.93124 54.87609 56.33336 56.57591 56.85522 56.29969 55.98409 57.09675 57.87790 57.66120 55.07477 52.95236 50.75661 49.29255 49.52822 51.59800 50.66940 49.41668 46.74468 47.04408 48.75307 49.21069 49.66439 50.85837 51.79622 52.26657 51.53951 48.81484 47.40443 48.06175 50.26128 50.98019 50.30850 49.94079 48.95053 49.48127 50.80884 51.18719 51.00903 49.24998 47.16966 46.12326 46.31384 45.82446 45.47238 43.32504 42.08600 40.44020 39.99274 41.91711 42.40851 40.15077 37.00596 36.52990 36.42147 36.78929 37.87606 
70.02003 69.99911 70.96880 69.40715 66.37217 66.13588 66.56619 65.31672 65.76006 63.07734 60.47916 58.74579 58.37107 59.44044 58.99507 58.12734 54.11770 51.32689 49.43717 47.27819 45.86260 44.06157 43.11108 43.67336 43.87972 43.58543 43.30430 44.36594 46.95787 49.31017 49.39217 50.53556 50.59255 48.84511 48.77673 50.02282 47.26507 45.35794 43.42554 41.37122 40.04306 40.71787 38.86866 38.43818 38.37572 38.43962 36.77008 33.89965 30.96427 29.44252 31.12850 33.12067 36.41994 37.18751 38.10764 39.51598 40.16019 41.86290 41.82393 40.65552 41.33088 42.18084 42.60791 44.65993 46.61998 48.72385 47.02424 48.06374 50.16808 49.87416 50.61602 51.91361 54.35405 56.06931 56.37277 56.79643 56.40446 56.76845 56.96505 57.90349 57.18367 56.06708 53.56975 51.64094 50.64687 51.49371 52.84953 52.60900 51.24220 48.12676 47.51565 49.29239 48.73857 49.53614 49.58052 51.85920 53.39725 52.56506 49.32566 47.30446 49.19071 51.68987 52.87915 53.35273 52.34332 51.18525 51.55318 53.03022 54.70874 53.15127 51.08794 48.70228 47.45703 47.80679 46.79116 45.90157 44.30370 42.84254 40.66661 40.91418 42.24345 43.02018 40.66202 37.82097 35.74662 36.46833 36.70443 35.28895 
71.16832 69.66241 67.98454 69.22598 68.83730 67.78400 66.77945 65.25205 64.06265 60.74567 58.62867 56.11391 55.96091 54.60960 56.47391 56.20439 52.49189 50.74922 49.51437 48.09933 45.45771 45.59790 45.78070 46.64417 47.03475 47.44617 45.77590 45.15699 47.37160 49.41290 50.14546 51.05651 50.60711 49.14567 49.11182 49.38896 47.12786 45.82782 45.16644 42.53801 41.75560 37.33171 36.95081 35.79233 34.94864 33.40006 30.53957 30.35274 29.40183 27.29419 28.63171 29.79895 32.16050 35.58076 38.17791 39.56426 40.14062 39.92748 38.67747 38.30624 39.60883 40.19923 41.72594 44.51821 46.52489 47.16290 46.86280 48.93415 51.60686 52.10902 52.28854 51.26797 54.71835 56.20839 55.59155 57.14903 57.05446 56.63146 57.30870 58.57595 59.71257 57.76265 55.35796 55.53046 53.00524 52.64145 53.14342 52.44608 50.45210 49.55621 50.43625 51.45131 49.97549 48.79198 50.42479 52.56536 52.72003 52.50343 51.51248 50.01394 51.38985 53.47065 53.07545 54.98244 53.66349 54.41209 53.82465 53.17526 52.96410 51.87684 51.03503 51.44939 49.92589 46.63185 45.49531 44.94499 44.57092 43.57006 41.68426 42.99110 41.33381 39.94833 40.13346 39.20739 36.79279 37.21276 37.46946 36.91201 
70.87927 68.44604 67.47691 68.28391 68.27470 68.84285 68.09113 66.86888 63.81241 60.11421 57.41356 53.24784 53.63411 53.74476 55.31135 55.62562 51.70658 50.92722 49.65489 48.88588 46.38316 46.89990 47.95412 48.67861 49.74631 49.45619 47.08262 46.14190 47.36170 48.41480 48.45235 48.89952 48.24456 48.33196 48.09269 48.93612 47.18006 45.90185 44.77625 42.67895 42.00732 37.57787 36.00640 33.65648 31.81561 28.21956 25.57740 25.93650 26.34079 26.19472 26.65652 26.97728 29.60041 33.77246 36.70300 38.10464 38.78802 38.43159 36.63358 36.34080 36.75286 37.46470 40.05187 42.53636 45.98403 48.00160 47.86528 50.84871 53.10134 51.72790 51.90684 50.75439 54.26173 55.37538 54.82027 55.23857 55.94105 56.37727 58.38388 60.93321 61.65609 59.54766 58.31013 57.96537 55.86245 55.26890 53.92382 52.80674 52.06593 53.37539 54.78113 52.80584 50.68798 49.48203 51.38554 53.05995 53.46165 53.72705 52.42149 51.53559 51.66535 52.57573 53.00553 56.04950 55.26558 56.38225 56.03192 55.25586 53.13353 52.40080 52.89907 53.12207 51.62553 47.16268 45.01400 44.91432 43.48051 43.93169 42.69173 42.53331 39.99184 37.71339 39.22019 39.47006 38.47030 37.87141 38.38140 39.24438 
69.02780 67.66035 67.14753 66.55951 67.37748 68.51924 68.03175 66.55769 63.43361 61.07616 56.08692 51.91469 51.86922 54.12008 55.65670 55.16874 52.40866 51.56396 50.37737 50.02483 48.06800 47.79044 49.98515 51.32787 51.27877 49.89233 48.46958 48.38098 47.49966 47.68556 48.26268 47.84336 46.47728 48.43152 47.82331 47.11719 46.00644 44.24738 42.77028 41.96530 39.86080 36.80946 33.57418 31.41672 28.14744 24.59142 21.79465 22.68158 22.66194 22.08728 22.35003 24.08634 25.61704 29.36097 34.17665 36.63158 37.58787 37.55762 36.45464 36.64975 36.96999 38.45931 39.93256 42.16793 46.42878 48.31822 49.44810 51.22681 54.13473 51.73820 50.78547 51.00287 52.92384 55.08033 54.82430 54.08760 54.57022 55.74275 58.89006 61.80117 62.75620 60.74963 59.30073 58.56980 57.39271 57.03654 54.57944 53.95071 54.65783 56.11583 56.45438 53.78133 51.59935 51.77933 51.12651 52.39289 54.63065 54.16192 53.36744 53.15086 50.71931 51.67681 53.91973 55.73533 57.70248 58.31608 57.63005 56.75746 54.59682 54.44596 54.51398 54.11414 52.59557 47.43116 45.87183 45.32568 45.08942 45.03944 44.30947 42.23816 40.39734 37.65636 38.22094 38.82049 38.50216 37.29581 37.50473 40.24591 
68.36564 67.18166 67.27764 66.14793 66.97478 66.84863 66.03964 63.50250 60.10688 58.53828 56.00640 53.41042 53.15061 53.61246 55.05096 54.77778 54.57008 52.76665 52.52568 51.57962 50.87014 50.66657 52.58652 54.45338 56.02388 54.21179 52.36293 51.09410 49.95884 48.87906 51.12213 49.06700 46.26137 46.63523 46.43046 45.91409 43.57217 41.68601 39.46886 38.94007 36.66592 34.01960 31.57088 27.58541 25.09161 22.29136 20.48896 20.41588 20.18612 19.98268 18.98300 20.15406 24.73522 26.63640 31.17634 34.32483 36.38903 35.55945 36.45997 37.96356 39.46811 40.38751 41.37110 42.97678 46.35406 48.03364 51.06919 52.33019 53.85329 53.48995 52.70029 52.16569 53.73068 54.84880 54.64044 53.38826 53.71798 55.11306 57.76629 58.94093 61.41403 60.89971 59.39615 57.10006 57.28767 57.73835 57.04536 56.78239 54.36542 55.47061 55.16003 53.75881 51.26574 50.05173 52.15321 52.04694 52.32592 51.55489 51.73859 52.47425 51.53046 53.14923 54.31144 56.74146 58.83701 60.49408 60.95678 59.60114 57.47259 57.12563 56.03722 55.98663 53.77882 50.27962 49.27700 48.08072 47.52616 45.58228 44.61716 43.54409 40.41739 36.64653 37.12101 36.50604 36.34652 38.03104 39.28441 37.92413 
67.77038 66.07085 64.50731 63.23826 63.23014 64.69170 62.38622 60.29307 58.22764 56.79059 55.61642 54.77576 55.07548 54.70577 56.03891 56.89847 56.75604 55.88597 54.64982 53.16123 53.05642 52.54152 55.17436 57.10994 59.25322 56.57541 55.15760 53.25299 52.19646 51.84875 52.82697 50.79494 47.00561 44.67701 43.56124 41.31330 39.40294 38.16111 36.15533 35.22337 34.51136 32.63212 28.91933 26.36330 22.88916 19.73655 17.86783 18.69720 18.02725 18.51499 18.15669 19.15052 22.82775 24.04970 27.80254 32.12113 34.77575 35.59433 36.54194 40.19036 41.75881 43.23380 43.97842 44.20640 47.92612 50.23571 51.59583 50.64051 51.94640 53.67485 54.11115 53.96447 54.95942 54.58462 55.39252 54.79853 55.43376 56.78013 56.75724 57.72401 57.86959 57.92350 58.31746 55.97800 55.98422 56.56108 57.64247 57.46749 55.02726 54.28769 53.62336 52.23597 50.25434 49.24942 50.45764 51.65524 50.97671 51.78567 53.52386 53.64066 53.60823 55.20190 56.18396 58.17839 59.92180 62.18427 62.56818 61.29784 57.75631 57.46883 56.36451 55.46318 53.98365 52.04631 50.72005 50.07671 47.73353 45.54293 43.28260 42.25847 39.57375 36.37172 36.32225 35.44353 34.56954 35.30860 38.09423 38.78676 
68.42847 64.75067 62.43654 60.91838 59.86472 60.73739 59.79434 57.29814 56.20558 55.53938 55.60414 56.00491 56.92846 56.64748 58.86315 59.02816 58.01910 56.81196 56.35343 53.91185 53.71815 54.91904 57.35808 59.35603 60.38359 59.27507 56.87184 54.30154 53.99036 54.06416 53.27413 52.21449 48.97575 43.51812 41.08121 39.09814 36.39139 34.92746 35.18118 33.74468 31.19728 29.95712 26.58080 23.20449 20.79075 17.41566 16.49812 16.89666 17.65134 18.16723 18.24257 18.31513 20.10492 21.85413 25.28828 29.33164 33.44677 36.39269 36.69151 38.93299 41.81199 43.45697 44.47461 46.67859 50.29065 50.97051 50.97878 49.78438 50.23812 52.79845 54.71962 55.52496 56.46402 55.43319 55.58960 55.86720 56.53433 56.70654 56.25312 56.11926 56.18746 56.41762 56.65829 56.49196 55.61069 55.40532 57.02413 57.32585 54.29664 54.29627 52.49337 49.92033 49.97986 48.97932 49.09766 50.52552 52.64491 54.00705 55.82912 56.24708 57.10720 57.23636 56.10762 57.14038 60.21050 61.97778 63.26421 61.35094 58.96317 56.96820 56.11734 56.25912 55.17983 53.96488 51.86255 50.09328 46.69363 43.09278 41.30454 41.66732 39.43060 35.14278 35.52471 33.57822 31.16546 32.66989 36.42373 39.26339 
67.33298 64.21712 62.25372 59.43219 58.48191 59.31176 57.45760 55.47482 56.47557 54.50690 52.58812 53.68320 53.98308 54.43146 56.75882 57.79779 57.69330 56.75761 57.31797 56.42213 56.98096 56.18225 57.26179 59.36505 59.49069 59.73876 58.11808 55.83502 55.19494 54.47036 52.65997 50.42326 48.37506 45.25973 41.71909 38.25697 37.63164 35.67642 34.47506 31.24166 27.84460 26.36373 21.62332 17.61181 16.73135 14.06044 14.12688 15.03141 16.16533 17.79614 17.20571 16.16698 17.57038 20.71127 24.48085 27.57421 31.58897 34.22202 35.45852 39.14893 40.66810 43.89781 46.44061 48.83332 48.93680 49.49061 50.88700 50.18922 50.38826 53.60805 55.75005 57.38090 57.34444 57.96478 57.49605 57.42949 57.18805 58.04916 57.42002 57.91537 56.96574 57.32436 55.97345 54.75332 55.04588 56.67513 55.87932 55.74079 54.65446 52.45175 52.19320 52.29477 51.24362 50.09009 51.32425 52.73399 52.82916 53.60654 55.05803 57.08628 55.92456 56.19834 56.68571 56.47333 57.88146 60.18493 61.08567 59.46888 59.19229 59.89118 59.04636 57.80947 55.84325 56.07860 53.47826 50.38208 48.65165 44.18324 41.35218 41.10904 40.11131 37.91249 36.31285 35.32978 33.39011 34.05506 36.22277 40.45239 
67.37402 65.16232 63.48240 60.14313 58.77269 58.11899 56.12933 55.00346 55.38956 54.42508 51.92945 51.63580 51.99444 53.41462 55.64431 58.11191 57.66154 57.87186 58.78984 58.11924 57.19098 56.03621 58.18809 58.62888 57.92535 59.43337 58.02742 55.84411 55.74162 53.83113 51.14076 48.92059 47.35337 44.31553 41.67071 39.33356 38.50851 37.25051 34.96004 31.12943 26.74307 22.78005 18.32852 14.18281 14.19166 13.36233 13.25170 14.17287 14.48144 15.20467 14.89415 15.64461 15.78938 19.32152 22.54905 25.19825 29.22476 33.29670 35.49793 37.95273 41.70525 46.29038 47.42179 49.34928 48.57182 48.41341 50.14195 51.57035 51.91770 53.94622 56.43501 57.45250 58.57801 57.39111 57.68756 56.56026 56.11172 56.99506 56.90581 58.22028 59.04276 58.62489 57.06647 55.52884 55.73549 56.86194 55.85751 55.39764 54.51630 53.39841 52.33747 52.13196 50.14064 49.63010 52.00597 53.83147 54.21115 55.48851 55.76897 56.48421 55.38392 54.79173 56.25644 54.91509 55.64034 57.49833 57.69010 59.35944 61.59673 62.52387 62.37699 60.58785 58.53807 56.16113 52.24799 49.58318 46.69807 42.95541 40.97829 40.05137 39.29985 37.85037 39.06912 36.91291 34.42093 34.38040 36.75866 40.76066 
69.61775 66.65099 64.98208 61.80349 59.17001 55.98055 56.67884 55.44038 55.38991 54.92236 55.06703 52.38617 51.82659 52.06801 55.82566 57.28974 57.47175 58.72523 59.20014 58.12206 56.49278 56.63340 58.61424 58.27391 56.89032 58.55752 57.09882 53.97712 53.79671 52.13263 51.07972 48.62524 46.78904 44.17825 41.71148 40.62842 38.81622 36.93360 33.45278 31.36739 27.47097 22.26862 17.88034 15.15350 13.42682 13.26654 14.24096 13.37451 12.85613 13.54626 13.38038 14.79888 14.86039 17.08310 20.70928 24.27938 27.30291 30.48907 36.03572 39.59333 42.65696 44.85981 47.69675 47.93666 48.19267 48.64929 51.04675 52.04941 51.83114 53.05532 55.58574 58.39825 58.57635 57.85760 57.24265 55.42154 55.47491 54.87154 55.50224 58.34927 59.59001 58.77482 57.26773 57.88123 56.70462 55.46272 55.77145 56.23536 55.49559 54.73954 53.08136 52.52075 50.97908 48.62485 51.83411 55.42751 55.07317 55.88910 55.49808 54.11612 54.11972 54.83883 56.84459 54.17057 53.26245 55.04454 56.91507 59.09157 63.64986 63.30310 63.71252 63.32792 61.38235 55.37209 52.28277 48.32889 46.59870 43.68681 39.79249 39.09775 38.12774 38.15877 38.57021 37.25932 35.62194 36.22507 37.85970 40.76637 
68.05040 67.23111 64.00988 61.85483 59.62722 57.98105 57.22187 56.17801 55.03696 55.31499 53.66728 53.66002 53.10983 53.21633 56.32379 57.78586 58.58227 59.28707 60.49713 58.86241 57.37731 56.37099 58.56646 58.20783 57.52221 58.09449 57.46428 54.64354 54.08675 54.17344 53.05411 50.62941 47.75981 43.50558 41.48138 39.14799 38.69976 37.66606 34.73192 31.81578 27.54673 21.41576 17.87075 14.59953 13.51480 12.98010 12.62587 12.99019 13.58544 14.09450 15.33270 17.11229 17.55679 18.20306 21.09852 25.18995 29.06517 32.13588 34.57134 38.26093 43.57145 46.72728 49.00880 47.79062 47.59644 48.73221 50.00070 50.50999 50.88979 52.88832 53.47304 56.49360 56.65868 56.58768 57.04007 57.17541 57.00269 56.12128 57.29301 58.57464 60.33574 59.14248 58.24613 56.03579 56.30577 56.46446 56.19542 56.90179 55.87474 55.13078 53.93495 51.37138 49.43029 49.59890 51.61090 53.43331 55.35405 54.90709 54.77585 54.91349 53.76750 54.34045 56.00752 54.98366 54.20425 55.94006 57.54490 59.29411 61.83334 63.03432 62.45825 62.44785 59.99393 55.51072 52.62931 48.85001 46.57228 41.88897 39.63285 39.77378 40.37891 39.60746 38.20789 36.24524 35.91829 36.77463 38.37580 39.87350 
67.46024 67.37230 64.28741 62.07514 59.28910 58.43114 58.69390 57.56041 56.58726 56.90302 55.39402 54.82924 55.38041 55.49570 57.32788 58.25678 58.56359 60.12585 60.92482 59.29958 59.35875 58.05060 58.60059 58.04599 58.14425 58.24340 57.94271 55.86355 55.60545 54.15096 53.21025 50.66927 48.96488 45.10279 42.55300 39.93087 39.81322 38.29350 35.79919 32.05870 28.79231 22.79500 19.54459 16.24522 14.65455 14.12920 14.12190 14.84480 15.53197 15.03704 16.74326 18.24426 20.23909 20.56856 22.14287 27.36270 31.06510 32.60295 33.42923 37.42709 43.71466 46.35915 47.71995 47.27864 48.91294 48.38112 49.16337 51.45122 52.07577 52.67045 51.88766 52.95354 53.30833 53.97961 56.32289 55.96140 55.86259 54.96672 56.90620 57.98494 59.40504 60.07599 58.79422 56.09642 55.66344 56.84267 56.67168 56.20044 55.99860 55.57422 54.68458 52.18272 50.82592 50.37062 51.54849 52.61723 52.84634 52.12951 53.16489 52.80727 53.12030 53.91271 55.14215 55.07848 54.51499 55.90985 57.45125 57.24068 57.16607 58.72820 59.54890 59.58870 58.29053 54.85406 52.56186 49.83105 47.07446 43.52430 40.40599 40.34032 40.51728 39.71550 37.32469 36.59237 37.13488 37.96641 40.13057 41.24457 
66.37648 66.91663 65.72420 63.38161 60.01372 59.55478 59.14794 61.10129 62.01693 60.81578 58.65530 57.20045 57.49067 57.84693 57.58315 58.42571 60.49632 60.98872 60.95706 61.31131 60.82882 60.10471 57.84520 56.26314 58.03202 58.04686 57.77008 58.31967 56.29383 54.13427 52.75668 50.21438 46.96588 46.25055 43.38120 39.95746 40.06420 39.03293 34.99817 33.17134 30.93283 26.18464 21.48607 19.45758 16.07355 16.00096 16.58886 17.97704 17.71501 17.38357 18.20109 19.95889 23.45591 22.06996 24.26693 27.93672 30.73768 31.97042 34.40817 38.55035 42.55011 46.97746 49.22606 48.99418 50.33527 50.80365 51.35178 51.64064 53.22505 52.49752 50.95460 51.16585 51.39145 52.33223 54.00685 53.82557 53.55291 53.96951 54.02079 56.40152 55.32421 55.83444 56.18916 54.91383 55.46343 56.49438 53.90787 53.53050 54.03480 53.56854 53.91120 54.76938 52.33327 50.95801 51.36468 51.54747 49.91725 49.35564 50.89730 50.60012 52.08179 53.94992 55.78667 55.28944 53.44045 52.39560 54.11517 55.33761 53.68628 54.45510 55.33632 56.13448 55.12342 53.32828 51.37193 50.19817 45.69057 44.50092 43.28389 40.79107 39.33443 39.67287 39.07289 37.89159 37.93338 38.87484 40.42221 42.55053 
66.65047 68.87441 68.13902 66.70167 64.63609 62.72800 62.71104 62.72139 62.47678 60.46951 60.07904 58.83075 58.32481 58.74994 58.89594 59.98312 61.49266 61.22264 61.08334 61.40908 60.13733 59.64029 57.58958 56.59784 57.18609 56.44962 57.12470 57.12405 56.36547 55.91925 53.06992 50.71046 48.35656 46.56639 43.52067 41.49408 40.62836 38.75617 34.52813 32.86571 30.49831 26.29031 22.93645 20.96578 18.90082 18.01373 18.39711 18.47379 20.14375 21.57506 21.08715 22.57855 23.92766 24.25279 25.89282 28.45024 30.37403 33.06283 35.65841 40.08429 43.89335 46.88674 48.33834 48.71085 50.61834 51.03202 51.33747 52.48095 52.34901 52.96143 51.18047 52.17795 52.90741 52.78138 51.43783 52.76897 52.73798 51.30611 50.74670 52.19024 53.47544 54.25762 53.27430 53.56145 53.72438 53.48845 52.59031 52.92489 53.72532 53.81660 54.91801 55.41776 53.74799 52.42161 50.95852 50.44363 48.34363 46.36727 47.22407 48.44443 49.10738 50.14054 51.27012 51.40303 51.52783 52.41707 52.36000 52.40353 52.52705 53.32747 52.82038 55.06660 54.11998 51.77277 52.44703 50.80799 49.05962 47.40302 45.39957 42.94973 42.35943 42.61389 40.90448 40.49080 40.68843 40.07267 41.33217 42.05212 
67.49582 67.81963 67.59100 67.22762 67.04855 67.97312 65.98381 63.24582 61.96794 60.46262 61.38676 59.80285 59.97128 61.54609 61.69811 62.03224 62.02848 61.66095 60.97120 60.61230 59.17532 57.78182 56.29471 56.02287 55.75292 55.24407 55.57558 56.07591 56.12206 55.85289 53.99908 52.63905 48.76441 46.96551 45.12304 43.50182 40.54911 38.57172 33.74251 32.44997 30.23363 27.44268 25.44393 25.31519 21.19889 20.36914 20.16069 20.69834 22.05295 24.17700 24.04942 24.49047 25.02749 26.21994 27.51940 28.90915 31.43132 34.32714 39.20831 42.87644 46.61781 45.92045 47.88098 48.19239 49.84667 50.29960 50.45494 50.84395 51.51856 53.03535 53.69946 54.07701 54.23005 52.88755 50.14070 51.77769 51.02496 48.64775 48.41354 48.67928 49.37562 50.06783 51.37074 52.19681 52.44350 51.61930 51.09286 51.53353 52.45213 54.04393 54.54435 54.68544 54.85194 53.54714 51.50627 49.04551 46.45960 44.17772 42.94327 43.42723 44.87857 45.73597 46.26758 48.86178 50.10179 51.98576 51.57603 51.48408 52.62971 51.71782 51.12248 51.39944 50.99226 51.14521 52.40436 52.72482 51.57621 49.96355 47.01875 44.90571 44.11498 43.50433 41.54948 42.25489 42.00421 41.58478 41.46979 41.77228 
67.68819 67.92815 66.90863 67.73206 69.59540 71.00569 69.55138 66.91964 61.65978 59.86158 60.45749 60.75939 59.92087 61.17309 61.23209 60.86824 63.17219 63.82983 62.46453 61.11515 57.59397 55.88716 55.95116 54.90997 53.50371 54.71371 54.58103 55.75515 54.51152 54.10425 54.27129 52.60320 51.04386 46.37996 44.42307 42.84407 40.34771 38.86815 36.30024 33.65475 31.24915 29.48219 28.85180 27.43941 25.71779 23.82944 22.92966 24.14534 24.86884 25.52624 26.32967 26.49772 24.71329 26.03779 27.08448 29.87932 32.30970 36.94519 41.24667 43.94581 43.66474 45.56940 46.62604 48.60036 50.68668 51.77563 48.89835 48.97500 49.56357 51.57373 54.23902 56.74002 56.10512 53.75771 51.63831 51.35815 50.41592 47.79491 46.72877 46.59697 46.93472 48.36594 50.55164 51.61196 51.27682 49.00536 50.50508 50.86188 50.75690 50.85138 52.52411 53.71344 53.41581 52.33635 51.26527 46.46384 41.78934 41.53516 40.10196 38.58147 39.61570 41.75796 44.81343 46.48656 48.10395 50.10844 50.78554 51.33215 51.58370 51.60016 51.57497 50.52365 48.64651 50.21753 52.15188 52.59385 51.11973 50.97383 48.63782 45.49049 44.21069 43.38753 42.71936 42.73260 41.49344 42.54524 42.26978 43.11907 
68.65789 68.33922 68.09262 68.31124 69.69214 70.66637 70.82068 67.81546 64.58482 62.22343 61.92949 62.20942 62.87021 63.51062 61.28816 61.90033 63.92654 63.29734 61.38176 58.75545 56.32645 54.17774 52.47486 51.61856 52.00126 51.37793 51.95803 54.23118 53.89497 54.21273 53.08636 53.23395 49.53215 45.63480 43.76573 40.93291 39.47331 37.64104 36.55247 33.95103 32.21995 31.25326 29.11442 28.21790 26.15695 26.57375 26.91673 27.86520 28.20543 28.11520 28.35551 28.02101 26.92265 27.80994 28.91077 30.88764 33.12617 37.06485 41.47705 43.13140 44.35254 44.78188 46.92965 48.66180 50.41987 50.92247 50.32261 49.28232 50.15618 51.38061 53.70683 55.95095 54.97382 52.83128 50.58671 51.02366 51.75197 49.36164 47.67702 47.58478 46.74355 47.09665 49.17995 50.21085 49.48748 48.65020 49.52219 49.42938 49.81185 50.96026 51.44395 52.10549 50.58871 50.05405 47.80283 45.10876 40.54935 39.74219 39.22612 36.65265 38.09556 40.15517 41.94398 43.43909 46.40459 49.31255 49.46827 49.59330 50.95758 50.03945 49.78270 51.13799 50.53868 50.42618 52.39751 52.05602 50.74831 49.64142 48.45465 45.13894 44.22426 44.01754 43.20469 43.47334 41.15198 41.66426 41.30003 43.33113 
70.28160 69.74663 70.59583 69.58844 69.25980 66.78616 67.19582 67.96384 66.64532 64.61729 62.50797 64.83784 65.25253 63.44843 61.64501 60.86700 61.18653 60.41520 59.50640 55.21699 53.35004 50.69357 49.03432 48.60241 48.28212 48.91881 48.83887 49.86933 50.43431 52.91579 53.07692 51.64574 48.36360 45.46245 42.12357 38.34809 38.60579 37.13446 36.91534 34.97937 32.33557 31.39404 28.73152 26.74133 27.31611 28.17674 30.11442 31.53243 31.27406 31.18690 30.60349 29.51431 29.22051 29.30917 30.34085 30.20176 34.14348 37.53668 39.82806 43.73160 45.58519 46.46280 48.64520 50.09967 50.61787 49.88454 50.64657 51.00669 51.79650 51.39756 53.32115 54.78517 55.71009 53.61345 50.78570 52.66787 53.20382 52.13847 51.16983 50.28150 48.51659 48.94060 49.48354 48.32716 48.11561 49.14431 48.20525 48.19957 48.43763 48.95848 49.30878 50.27275 48.17901 45.14030 44.27084 43.06560 41.04345 39.72918 38.11844 36.48286 36.08411 38.36951 40.78217 41.22517 44.28582 46.76098 48.51941 48.73282 49.54704 50.60866 50.60710 52.95678 52.56768 52.25159 52.39473 51.82551 50.17629 48.17588 45.00235 44.95972 45.10419 44.94741 43.63076 42.95779 41.34303 40.42908 40.72691 44.22954 
72.20967 70.61927 70.20480 67.97601 65.91690 64.85796 65.39090 67.67253 67.86527 67.27288 65.95457 65.38078 64.93244 63.94335 63.22407 61.50806 60.64252 59.79601 58.83764 53.57791 51.51807 49.89386 45.36809 45.52114 46.69492 46.03878 45.31709 43.93014 45.63695 48.24058 50.41021 48.25928 46.41031 41.38277 39.36954 38.42089 36.75145 36.49461 36.62551 34.05972 31.56734 29.13792 29.45467 29.62543 29.13417 30.46964 31.31806 32.06566 32.95114 32.91119 34.41114 33.92444 33.14796 31.39035 30.54105 31.08964 34.22853 36.78662 40.17405 42.39462 44.46772 45.40871 46.89270 49.29890 50.05420 50.65292 49.54913 50.14220 51.56009 52.32297 53.81355 55.32207 55.42607 53.38890 51.47285 53.55713 55.12379 54.76056 53.72271 51.98040 53.03205 52.80592 50.03514 46.25208 45.23970 47.64707 46.73962 47.36991 46.92278 47.41220 47.95897 45.82417 42.79370 41.24634 41.93770 42.05071 42.30112 40.45588 38.07020 36.45647 37.36845 38.91058 40.83201 40.86254 42.39305 44.62377 47.30829 50.19067 52.32415 53.79422 55.60714 54.49265 53.93830 53.65060 51.41264 51.04245 48.69334 46.21562 43.95821 42.74595 43.64782 42.65124 42.12812 41.17488 39.48845 41.71667 43.11260 44.58125 
72.53700 71.69363 69.04583 67.26610 65.07569 64.12797 64.40426 65.74760 67.08811 67.13055 66.96676 67.01523 67.26136 65.96202 64.09193 63.25221 60.10854 58.97606 57.22728 52.74328 49.40823 48.08916 43.66852 42.36557 43.67799 43.80278 42.97755 42.62788 42.91743 45.40627 48.06370 46.64963 44.13039 40.40417 38.84744 38.13395 36.68265 36.08043 35.84492 34.06798 31.46075 28.57862 29.73847 30.01030 29.71197 30.59347 32.95552 33.36794 34.74285 35.87636 37.06423 36.06028 34.26341 32.28985 30.93068 31.30192 32.70419 36.50594 38.94616 40.87253 43.32147 43.76739 44.45433 47.55492 48.46544 48.86053 47.04787 49.00647 50.18705 51.41619 53.67305 55.59189 55.67984 54.16526 52.42023 54.29910 55.66951 56.22760 53.68209 53.43587 55.62170 53.78317 51.11024 47.17099 45.83743 47.69247 47.49760 46.15437 46.14056 45.85677 45.52360 42.44199 40.69602 38.33429 38.51044 40.49904 41.68538 39.66656 38.00401 37.35040 36.90853 38.95309 40.83692 40.16393 40.70743 44.53660 46.07154 50.35098 52.37740 54.57803 55.84523 54.82835 54.36395 52.98075 52.15211 51.43997 48.65949 45.70167 43.16842 42.10802 42.21531 41.30682 40.49828 38.52599 37.81824 40.32133 41.52778 42.49487 
72.22591 70.37660 67.88126 65.76292 64.02031 64.01962 64.02601 65.72536 65.91820 66.11621 68.13985 67.60732 67.94020 66.44466 65.46938 64.58536 61.51651 58.81329 57.84398 51.96160 48.61240 47.12450 42.08419 39.44261 38.73313 40.56464 41.76932 41.47151 43.67900 45.07047 46.50291 46.26937 42.70302 38.76068 37.52821 37.60261 36.51321 35.57331 36.10588 34.21222 31.98444 29.79576 30.02192 30.99330 30.17851 33.32396 33.95854 34.92682 36.19451 36.87687 37.74631 36.59402 35.08023 32.63173 32.07206 31.79507 34.36546 35.46368 37.05716 39.37362 41.15129 41.42499 41.15182 44.47821 45.71867 45.73802 46.62114 48.37442 49.38656 50.66720 53.62756 55.22057 54.99532 54.70565 51.55803 54.86156 55.69600 55.64357 53.83858 54.21699 56.57443 55.67077 53.11796 49.26197 48.05968 48.50426 47.35593 46.13787 45.08500 44.25448 41.83375 39.04585 36.63652 35.06284 35.80220 36.85306 38.99752 38.34757 38.13198 38.05420 38.66640 38.81934 39.08903 38.92818 38.81779 43.11486 45.21609 49.87183 52.62225 54.08356 56.65017 54.84805 54.75350 53.87157 52.12322 50.81419 47.78481 44.42833 43.14342 41.10041 40.16939 39.09000 39.37935 37.69746 36.73975 39.73321 41.53815 41.92200 
69.84566 67.89161 66.19691 64.96327 63.94640 63.20969 63.45757 63.33504 62.94397 64.31178 67.06099 68.30588 68.59721 67.23501 66.71654 64.72147 61.09702 59.60045 57.51311 53.91266 49.60286 45.33210 40.20955 36.96507 36.96874 37.37808 40.37751 42.64797 43.91106 44.39444 45.22739 44.74138 41.65041 38.59536 38.12857 37.30840 35.75055 35.36983 36.02950 35.25900 33.87923 31.39053 29.49907 30.46196 32.05640 34.65294 35.97420 37.25238 37.98023 37.19993 36.92425 35.25446 34.23746 33.08864 33.78039 33.94000 34.63382 34.18060 36.02460 37.48767 38.97390 40.01116 41.06716 42.34417 42.32563 42.84403 46.17054 48.55262 50.14327 51.46880 52.48018 53.11600 55.41089 55.12780 51.61609 53.75968 53.95837 55.49714 54.21541 55.12670 56.36035 55.65117 53.39601 50.67178 48.94342 47.90319 46.41144 45.71497 43.99618 41.88711 39.76018 35.93800 33.94549 31.67807 33.76481 35.61460 36.58439 36.81274 35.80474 35.54502 35.96001 36.29467 36.91795 38.16092 39.20422 39.66468 42.21172 46.17534 50.50782 53.18367 55.25196 55.53648 55.44526 53.83792 53.31906 51.63561 48.62983 46.20027 43.43554 42.42607 41.36169 40.20382 39.70359 40.00712 39.67527 38.91426 39.16647 41.84704 
69.12380 67.06684 65.12897 64.24074 63.73324 63.52951 63.63991 62.52520 62.68976 64.47456 66.04286 66.98421 67.27541 66.42535 65.44608 63.85881 60.19675 57.74403 56.67176 53.64477 49.67081 44.02879 39.52238 36.22485 35.28568 36.48448 39.09733 41.32795 43.76116 44.78941 44.63883 44.46221 41.51680 39.32557 38.33619 37.85224 35.46551 35.90559 37.24474 35.42815 33.39738 31.69973 30.31891 31.55186 33.85889 35.95242 37.52623 38.81682 39.95831 38.62262 38.21938 36.31500 35.87909 33.99664 34.84816 35.12143 35.02016 34.85217 36.29234 37.15794 39.05984 40.42262 40.97000 42.11297 41.84322 42.06868 45.77063 48.57505 48.80240 50.56188 52.09549 52.18770 54.29177 53.23497 51.91871 52.81330 53.21229 52.92911 53.45242 54.38292 54.23177 53.41024 52.19001 50.15562 47.93719 46.20743 44.89890 44.43192 42.29150 40.00529 38.48521 34.69905 32.23404 30.83441 31.88568 33.60699 33.71198 34.36499 34.33477 33.33360 33.72596 33.82776 35.26259 36.39220 38.19366 38.46315 41.33431 44.37648 49.53651 52.18003 54.30120 54.82631 55.05233 54.36328 53.86203 51.63712 48.65143 46.30816 45.23698 43.89502 42.53843 41.36288 41.53869 41.27715 42.15249 40.94615 41.20231 42.15380 
68.74123 66.98397 63.19743 64.76884 64.86955 63.94898 64.52766 64.28702 64.15156 66.17349 66.83664 66.34354 65.35474 65.59175 63.51546 60.87786 57.05175 54.48166 52.59560 51.01477 48.52877 43.31466 41.24012 38.70230 36.22238 37.41853 39.03881 39.69490 42.14004 43.88750 44.29147 43.43794 43.06979 39.77802 40.15785 38.39623 37.83497 36.93269 38.04107 36.37793 33.21390 33.01804 33.38522 33.49543 36.08672 38.43386 39.45240 39.71721 42.02785 43.04583 41.43592 40.32396 38.45527 36.81925 36.17562 36.51376 35.66851 34.85007 37.29917 38.37072 40.80874 43.83332 44.78416 43.94875 41.51232 40.91924 44.15862 47.01258 48.81618 49.99114 51.43753 51.69527 50.26857 49.67105 51.47156 50.30415 50.04164 49.23778 50.52369 52.26086 52.19943 52.12587 50.76165 47.94356 46.11585 46.33606 43.04902 41.45203 39.99568 38.40960 36.10711 33.91873 31.95289 30.41520 30.13681 31.92081 33.22077 33.45733 33.19984 32.76495 33.31694 32.06467 32.47523 35.36221 37.52999 40.35073 40.95064 43.60226 48.53435 51.21793 52.40151 53.07632 53.05489 54.40746 52.39078 50.51019 48.11794 46.50354 46.58768 44.79546 45.07469 44.72908 44.02821 44.11911 44.71719 44.75657 43.77307 43.02057 
68.05585 65.95951 63.75594 63.52017 63.42106 63.81897 63.12811 61.92693 63.19218 63.58725 64.09084 63.66751 63.11760 62.41046 59.06776 57.58479 54.45654 51.05138 49.44112 48.28947 45.96254 43.40729 41.75635 38.69407 38.38242 38.50554 39.10543 39.86732 42.07965 42.95889 41.83187 42.85767 43.95979 42.85588 41.65507 39.55082 38.95945 39.11724 39.57418 37.61933 36.04142 36.46386 34.63466 36.08533 37.58201 39.91722 41.68518 43.86207 45.92854 46.84922 46.05727 43.79353 41.51921 40.71968 40.10849 39.39930 40.13618 38.98223 37.47458 38.65149 41.41245 45.58890 45.54725 44.21530 42.08405 41.44589 43.76392 45.22260 46.03297 48.09789 49.47311 50.25513 48.84344 49.11775 49.25954 48.76398 47.65505 47.83549 48.94598 50.00087 49.85213 48.80726 48.45369 46.69941 45.10491 44.69701 41.38277 39.15016 38.28888 36.67549 35.18978 33.16068 31.50569 31.07055 31.72346 32.02682 31.92029 32.47369 32.50540 32.15351 30.74428 30.18972 29.91508 31.61533 34.88325 39.53470 41.82067 41.89809 45.08606 48.76969 52.56564 52.82386 53.90096 54.42537 51.42865 49.86269 49.97903 48.55317 48.88941 48.39899 48.57418 47.93289 47.49128 46.52157 45.84819 45.06689 44.48148 44.98745 
67.31184 65.16739 62.89194 62.23083 62.13668 62.65407 61.08168 59.58736 59.69021 60.31226 59.03825 60.92191 59.98834 57.99097 55.67802 53.46029 52.13845 49.71115 47.01257 46.19887 44.97756 44.09821 42.07455 40.64158 40.28688 40.15946 40.32276 40.83149 42.20482 43.60382 42.79633 42.74636 44.47866 44.67935 42.64376 40.93081 41.10370 40.29497 40.24395 38.93184 37.98266 38.41484 38.01268 37.15035 39.81479 41.41239 43.41446 46.34946 49.12360 50.23273 47.69070 45.13606 42.78958 42.87392 43.26681 42.51247 40.87328 40.60565 39.15289 39.63377 41.78286 47.09721 47.84175 46.87421 43.08427 41.67733 43.71536 42.78602 43.62386 46.20719 46.74338 47.31965 46.54979 46.21494 46.61229 45.30758 45.66210 46.35664 46.78624 47.45335 48.17616 46.98267 45.87436 45.06319 44.33920 42.53607 39.94400 38.81247 37.94664 35.45963 33.40189 32.39172 30.42533 29.74870 30.14754 31.83235 31.49180 31.59277 31.07237 32.60564 30.79013 28.94464 28.71150 30.91045 33.52020 39.26991 40.83221 41.38948 43.13399 47.35924 51.10474 52.26526 53.06598 53.89577 51.43491 49.67207 51.14751 50.77962 50.86734 51.89259 51.16383 51.31270 51.49678 50.20496 48.87497 47.66700 45.72827 46.52753 
66.93501 64.91840 62.07896 61.62113 60.55968 58.51752 57.10580 56.13836 55.07961 56.09324 58.43599 59.39040 57.55397 54.92028 52.57162 50.87206 49.89854 46.93344 45.45809 44.55813 43.34127 42.55869 41.29256 41.03656 42.56689 42.06703 41.77652 41.37900 43.61716 44.23381 45.58167 46.54513 45.89336 46.33099 45.59580 44.81820 43.21878 42.63261 42.93001 39.66827 39.06701 39.76079 38.87580 38.96338 42.69331 44.32002 44.91249 48.07262 49.69728 52.42745 49.75328 47.48555 45.43719 45.51318 43.80634 42.94353 43.01031 42.61689 42.45034 43.88820 46.05288 48.53900 49.26875 47.21757 44.18888 42.61702 43.94978 41.18692 42.29817 42.64058 42.80819 41.78828 41.65056 41.48640 41.86207 42.81504 43.61963 42.21453 43.49984 43.83379 45.61242 46.18841 46.27790 45.53553 43.65804 41.17726 40.19511 38.95375 37.03876 34.33863 31.25711 30.33116 28.82128 28.45360 29.63637 31.41938 32.88471 30.72237 31.31136 32.02951 32.49075 31.16251 29.36076 32.38269 35.80540 38.37224 39.06364 39.11700 41.83572 44.31555 48.17072 50.67770 51.37296 53.15736 52.04143 51.69030 50.01090 50.31300 52.47405 54.47081 55.23278 54.19519 53.84224 53.46881 52.21988 51.52879 50.71051 48.20058 
67.11004 65.95194 62.78727 59.75151 58.07933 55.66447 54.47655 53.55360 51.82090 51.92764 53.41512 55.40903 55.23921 53.10166 50.29041 47.52115 47.56273 45.93765 44.16730 43.26979 43.14669 42.66524 42.01508 42.20098 44.03173 44.53893 45.19083 44.60765 46.84018 48.68941 49.00444 49.26387 48.04515 47.18315 47.16951 44.92801 45.24344 44.65412 42.77518 40.25568 39.06760 39.29815 40.74294 41.24600 44.07217 45.87764 47.35486 50.92809 51.32850 52.90075 52.14712 50.15652 47.45088 46.56964 45.82201 44.02028 43.45616 43.66048 45.99262 47.16106 46.57296 49.16412 49.33442 48.13251 45.93012 44.39699 42.57369 41.37367 39.18940 39.03229 38.96420 38.14426 37.74753 37.35734 38.80888 39.03534 41.06442 41.68623 41.90192 43.26357 42.59566 42.48460 43.22143 43.16495 41.37558 40.05674 37.76673 37.29195 35.67508 33.89767 32.26434 29.30506 28.03739 27.88183 29.58394 30.10524 32.64068 31.97528 31.88256 32.46798 32.91243 32.88288 31.93837 33.12712 33.87141 36.50278 36.36401 37.51657 39.79246 43.14891 46.66748 48.32895 50.65184 52.44136 53.67702 53.96580 53.36050 51.70224 52.11720 54.19982 55.20794 56.01286 55.72391 53.71616 53.05680 52.25170 53.03473 52.96200 
67.62263 66.32150 61.93577 59.10689 55.63271 54.40019 53.56002 51.45997 50.31649 49.51624 49.33804 51.42553 51.11113 49.79688 46.77130 44.89381 44.50631 42.89798 40.85773 41.76255 42.41905 42.17405 41.40118 43.26544 45.23082 45.27527 45.46523 44.94666 47.19394 49.52839 50.72604 50.14630 47.93476 48.34065 47.59075 45.92443 45.58510 45.27639 44.15659 40.53503 39.80010 40.27250 42.24335 42.89774 45.58274 47.86913 49.94080 51.66865 53.24980 53.86961 52.96838 52.00571 49.72306 48.15560 46.18063 44.23889 44.77512 45.45542 47.90312 47.90359 46.74112 48.97231 50.23611 49.89666 47.83228 46.54974 41.66485 39.07368 38.42424 37.80909 36.89584 37.65307 35.64381 36.12712 36.67581 36.98290 38.94478 41.32139 42.41481 42.12696 41.55594 40.73230 40.56545 41.71434 40.76722 38.00102 35.56368 34.30362 33.65289 32.10273 30.53516 27.61439 27.32711 27.74561 28.38976 29.93826 32.25203 32.06664 32.40696 33.52636 33.14554 33.44050 32.90908 32.83760 33.69055 34.91888 36.62761 36.61319 38.54187 41.31514 44.12178 46.85669 48.95290 52.30658 54.10065 54.97191 54.43826 52.21545 50.85575 53.17510 56.19127 55.36831 55.96360 55.02552 53.02381 53.27573 53.32011 53.99445 
66.50814 64.82848 62.62712 58.46424 56.01230 54.68442 51.74857 49.17940 49.22801 47.99819 48.50686 49.15486 48.16735 45.31989 43.22925 43.24022 43.07541 42.02223 40.26126 39.47331 39.08997 38.49475 41.01866 41.90633 42.04601 42.51817 44.22647 43.94211 44.66416 46.75436 48.57988 48.78309 47.26950 47.39596 46.59330 46.72440 47.18210 47.16327 44.63972 42.38564 42.14867 43.87133 43.85562 43.19572 46.40078 47.63194 47.55942 52.01723 52.69448 52.17498 52.47610 52.03980 50.02812 49.61085 47.72946 44.88700 44.28477 45.02393 48.56225 48.47495 48.85543 48.66785 48.96763 48.04185 47.31212 45.79745 43.12755 41.55022 41.16254 40.01413 38.18414 36.58024 36.32877 37.37456 36.53479 37.56467 39.19793 41.66148 41.91894 40.32998 38.80530 36.92926 36.74931 37.62994 36.21996 34.36177 31.32786 30.26739 29.60875 28.07783 26.69244 25.19031 25.90812 25.83713 27.57594 29.74763 31.63382 31.88856 32.67875 34.78437 33.88317 33.01465 31.38195 30.67138 31.79952 33.74689 34.49371 35.61300 37.80299 40.52377 43.13327 45.18917 47.71694 51.86549 52.81922 54.30657 52.37614 51.54469 52.00851 54.69938 56.69308 56.27783 56.06477 55.12021 54.40836 56.46934 57.60548 56.96120 
65.80759 64.15001 60.84467 58.03831 54.98611 54.30132 51.89299 48.39078 47.96034 46.76700 47.24584 48.56861 47.63730 45.18142 42.05711 41.10722 42.85137 43.34894 42.00893 39.58473 36.58186 35.94471 37.71419 38.40726 38.57608 39.02766 40.16661 40.12272 41.76605 44.97972 47.02246 47.30510 47.77424 47.27794 45.95882 45.46240 47.25573 46.71433 45.50696 44.93280 44.10995 46.37479 45.39095 44.80690 46.47438 46.84414 49.56446 51.17288 52.24751 51.44356 51.03201 52.23071 51.23816 49.96502 48.75497 46.95544 45.94584 47.23677 48.49547 48.30706 48.45251 47.43585 46.44165 46.20752 46.57986 45.19410 43.38742 42.61426 41.97882 39.28710 37.52729 36.26300 37.44999 39.06035 40.09683 38.97046 40.73655 40.54167 40.58079 37.97976 36.26253 35.01405 34.76598 35.64476 33.39910 29.41141 26.33125 24.44357 25.14766 25.30046 24.83635 22.52561 23.52315 24.51703 25.48384 27.57092 30.21661 30.81667 32.85678 34.39378 33.77560 32.89515 29.77284 30.03394 30.10128 31.58720 34.07632 35.66978 39.27353 41.11718 42.52719 44.69177 47.15328 49.95427 51.04116 51.74091 51.67242 50.85201 51.86814 54.62403 53.98643 53.94941 55.79520 56.69362 56.54705 57.78657 58.73259 58.78273 
64.30246 62.62874 58.85035 58.00676 55.60852 54.62158 52.00557 48.19407 46.54693 45.24745 46.83682 48.78378 48.27413 45.64165 43.34354 42.07152 42.56501 43.83410 42.99120 38.78485 36.18964 35.17341 35.61034 36.36552 36.81861 36.43321 37.91677 38.57702 40.08173 42.45390 46.22289 47.17997 47.91064 46.70171 46.30458 47.51094 47.55531 46.59708 47.95536 46.42585 45.18169 46.79204 46.54441 45.35209 46.65723 48.28197 50.04927 51.09669 51.40842 50.78946 51.26101 51.88290 52.11276 49.81334 47.47279 47.65034 48.64297 48.65713 48.05569 47.38752 47.81353 45.14019 45.05105 46.33069 45.52159 43.47884 43.65808 42.44945 41.83747 39.52964 38.29111 36.91390 37.50933 39.62235 41.62402 41.54300 41.81232 39.97318 39.77056 36.73570 34.48290 33.16417 33.74218 32.25648 28.59352 24.74162 22.16013 20.66982 20.78560 22.81310 22.76866 20.54677 22.65596 22.42959 24.57233 27.05563 30.84780 31.14591 32.74825 33.21162 31.81038 30.75221 28.07111 30.02231 30.04175 30.92054 32.71331 36.09933 38.56841 39.57880 40.74325 43.51725 45.50483 47.42393 49.26697 50.68508 51.34839 50.36737 51.36537 53.71521 53.53330 53.34747 57.17215 59.76785 59.68885 58.49995 58.93847 58.80623 
66.46716 64.33819 60.89945 59.94756 58.47786 56.79813 53.25830 49.98257 48.02928 47.42245 46.80522 46.20676 44.92899 42.36507 40.82192 40.30102 40.94901 41.06761 40.60371 39.33548 36.76551 34.49980 34.59670 34.12358 33.75106 34.99231 35.94649 37.92201 39.72503 42.52163 45.58120 47.49794 48.50622 46.94911 47.37873 47.42851 48.81359 49.22110 49.15413 48.05822 47.65271 46.25801 44.89555 44.03720 46.75918 48.44876 49.19699 49.47688 49.18876 47.80412 49.77212 51.27402 51.15535 49.37583 47.15019 46.62661 47.52812 48.16757 46.71996 46.83619 45.42335 44.23173 42.58266 42.93926 43.41747 43.27828 41.94572 40.70822 39.74458 39.30201 38.46606 38.59513 39.00568 41.04313 41.80537 42.59063 42.03641 41.98600 40.30612 38.27687 35.45653 33.23189 32.51860 29.16899 26.16640 23.61048 20.75408 18.28592 19.08918 21.16648 22.22781 21.87297 23.13701 23.62340 25.58796 26.98053 28.64176 28.62516 29.56959 30.11068 29.31681 29.32285 30.63536 29.94359 28.80361 28.98541 29.57735 33.96126 35.80855 38.20435 39.61002 40.81229 42.80975 45.88330 48.76693 50.80965 51.75666 51.56763 51.70088 52.85346 54.18589 56.56366 59.44553 61.91674 62.33055 60.27674 60.58427 60.19278 
68.21458 66.19852 64.23218 62.94962 60.65356 58.79398 55.42507 51.84182 49.68279 48.50712 45.59916 43.28062 42.56265 42.28721 41.62186 40.94351 40.99621 40.51259 40.71110 40.17902 38.29630 37.27634 36.00920 33.49846 33.62259 34.09803 34.40744 36.07059 38.88096 41.34968 45.89254 47.11990 47.76511 46.87294 48.41039 48.69963 48.44846 49.22504 49.37268 49.07397 47.41523 46.06419 43.63457 43.70545 46.77052 48.75388 48.98824 48.45344 47.09717 46.70258 48.94569 50.33646 50.24971 48.27636 46.00140 43.85503 44.75717 46.93217 45.76911 44.66618 44.70849 43.46826 43.48446 42.76903 43.25348 42.02586 41.04010 40.31633 39.34423 38.51330 38.98810 39.69336 40.72401 42.25668 43.51252 43.27219 42.22421 41.60606 39.59827 39.03452 36.20055 34.70564 31.70226 27.31018 25.29087 23.62294 20.44644 18.62388 19.50278 20.53200 21.73767 22.13954 23.75354 25.37034 25.84146 25.48294 26.50489 25.79535 27.11713 28.43894 28.43081 28.43222 28.98426 29.22659 28.48874 26.87510 27.66763 31.93655 33.72860 36.03182 37.62413 39.51061 41.63321 43.37134 45.39945 48.22612 50.74288 52.09929 53.26907 54.80247 55.57389 58.31565 59.76828 60.97084 62.64889 61.10773 59.88709 59.49461 
69.01666 68.69528 66.06007 62.94696 61.44786 59.66643 56.11194 53.31329 51.65205 48.32554 45.17059 42.00026 41.73914 43.31324 41.82999 41.01701 39.67550 41.12476 41.41596 40.46310 41.28308 40.68591 38.56302 35.49323 32.40962 34.47375 34.88893 35.09961 37.40615 42.93319 45.43647 45.82648 45.93207 46.33084 47.48023 48.91301 49.37524 50.08214 48.63571 48.08294 47.77747 44.81550 44.56199 45.27045 46.56142 49.15807 50.87915 48.58295 46.66549 45.84099 47.59367 49.23559 49.34595 47.39304 44.62463 42.62788 44.47537 44.17274 43.43835 43.45547 41.84505 44.11451 44.27608 42.16203 43.30483 41.98868 39.51054 40.52182 41.27240 39.58485 40.87952 41.20186 41.17143 41.67202 44.20803 41.95731 41.18498 39.06421 39.07797 39.06137 37.53596 34.95679 31.50166 28.23850 25.22248 22.85552 21.16933 20.66119 20.39049 20.07598 21.40086 22.07825 24.38044 26.10243 26.29799 25.71641 24.58421 25.67485 27.38807 27.38817 27.22988 26.49183 27.85449 28.59784 27.61361 27.31493 27.80119 29.80618 33.21038 34.93661 36.87437 39.33860 41.15907 42.17146 43.97503 45.30735 49.88081 52.95777 54.80804 56.51247 56.98975 58.60900 58.35611 59.14136 61.31281 60.84652 60.29347 57.42698 
66.29430 66.74063 64.31017 63.77231 61.78059 59.21622 55.83487 53.94163 52.01826 49.42966 47.34123 43.60935 43.19355 43.44449 42.93081 41.98537 39.87800 40.30824 40.71464 41.07174 40.45281 38.00362 37.88508 36.01167 34.03492 34.69872 34.62010 34.90323 37.95892 42.81350 45.59258 47.17683 47.46680 48.63425 48.40604 48.89084 49.90958 50.20334 49.72930 48.19594 47.11601 45.56898 43.93052 44.74462 46.51439 48.40069 50.67390 47.78502 46.08318 45.99820 47.57942 48.86124 49.99827 48.44859 44.88321 43.46752 44.30891 44.61799 45.21762 44.46018 45.66746 45.46782 45.69844 44.21168 42.81222 42.17457 40.47760 39.54914 40.05669 39.63013 39.37405 40.26798 40.27097 41.05381 43.51682 42.99115 41.89485 39.38516 39.72751 39.20958 36.49110 34.91399 31.58136 26.34993 23.83101 23.22988 20.56311 18.90962 19.05765 19.18515 21.61160 21.94639 24.14381 24.60327 25.39382 24.37740 24.24796 26.08881 27.65194 28.18027 28.11849 28.74220 30.06421 31.09723 29.94900 28.99040 29.39562 30.60500 33.86791 35.16068 37.18616 39.22866 41.89316 43.86101 45.46928 47.66531 48.62749 51.32805 53.78868 54.24041 56.74203 57.85478 59.95037 61.50627 62.36543 62.74573 60.91838 57.61791 
64.08445 65.86256 64.84973 64.08347 61.93023 57.70137 55.44935 53.46717 51.91699 49.17643 48.15932 45.89293 44.97000 44.55579 44.37140 42.61543 39.80318 40.37703 40.45042 41.20162 40.21140 38.10904 37.91199 38.15536 37.43424 37.17210 37.14902 37.60031 39.84672 43.78190 45.42406 46.94669 48.11517 48.75735 49.17900 50.30420 51.96821 52.76621 52.35773 49.70286 47.75526 46.56887 45.61481 44.73007 47.19151 49.30428 50.59979 48.43204 46.97364 47.00871 47.67850 48.67914 50.21227 48.16214 45.90302 43.99289 44.76251 44.84463 46.23726 47.49917 47.39461 47.96314 47.19508 46.31551 44.85996 44.02071 42.14693 39.07923 39.58878 38.99856 38.78251 38.35954 39.11856 41.42425 43.75311 43.39941 42.59241 41.64666 39.97489 39.60594 37.23960 35.00774 31.05226 26.48693 23.93953 22.83120 20.57977 19.35120 18.61036 20.08159 20.76654 21.16513 23.03297 22.51992 24.07658 24.84365 25.72750 26.76313 27.57870 28.03497 28.58889 30.41576 32.39797 32.92194 32.99892 32.41401 32.92757 31.83216 33.69534 35.39618 38.94965 40.80728 43.62024 45.62108 47.05991 48.50656 48.05515 49.78442 51.62516 53.61367 56.56238 60.48941 61.25353 62.83591 63.69763 63.46414 60.25571 57.21701 
63.36078 66.79568 66.52617 65.72684 61.37755 57.03663 55.23644 53.77753 51.89779 47.78669 46.58814 47.44898 47.03287 46.01963 44.48234 43.99243 43.23993 41.57169 40.03579 40.89788 40.85878 39.16349 39.42353 39.92809 39.87954 39.44150 38.68983 39.35956 41.97421 44.97441 46.10512 48.03452 48.42407 48.26743 48.88057 50.43626 53.15313 54.40054 53.16273 49.74084 49.05450 49.52372 46.60215 46.13238 48.39928 50.31631 50.44770 49.19321 48.91932 49.30950 48.26651 48.90941 50.64580 49.55821 47.83546 46.31944 46.41892 45.74272 46.30826 46.83715 49.37643 48.28797 47.30052 47.34780 46.66055 46.09581 44.77714 40.70462 38.83689 39.37715 39.12037 37.01863 40.00124 43.00423 44.09237 43.27003 44.11285 42.98237 40.79416 39.73026 39.05580 35.62927 30.83215 27.60034 24.69393 25.20333 22.21849 21.16207 22.41362 20.18730 21.36679 22.31356 22.44298 21.88038 24.73064 26.78376 27.34357 29.33615 29.57577 26.98446 28.08703 31.16492 34.67986 34.43679 35.42585 35.86736 34.96024 33.86468 33.70488 35.31284 40.64768 44.51900 46.88768 47.92472 47.74834 48.93468 48.41839 48.17849 49.88834 53.09185 58.02995 61.15170 62.33372 63.18390 63.15499 61.16490 57.98201 56.31061 
63.25851 64.69228 65.49065 64.75680 61.84288 58.57169 56.63410 54.22474 51.72051 48.70695 47.47783 47.04307 46.63004 47.85119 44.91101 45.68245 46.17457 43.86468 44.14460 44.68183 43.45313 41.68380 41.56705 40.73659 42.31403 42.11507 42.02426 42.48735 45.18948 46.20363 45.91504 48.11904 49.18003 49.05322 50.30004 52.19881 53.62048 53.97930 52.73391 50.80037 49.83354 50.96271 48.65440 48.47778 48.01950 49.71770 49.24499 48.58603 47.85787 48.84068 48.18708 49.18251 50.95129 49.68901 47.42391 46.90074 47.49395 48.31628 47.80041 47.73499 49.15473 48.54899 47.20729 46.71376 46.67210 46.63868 45.00562 42.50044 41.09840 41.21660 40.39635 39.74570 40.45948 43.52021 43.42381 44.60902 44.51077 43.58954 42.31650 39.91386 39.95356 37.06879 33.40338 28.85218 25.89502 25.60788 23.72687 22.15577 22.15614 21.68943 22.36280 22.95616 22.85120 24.92702 26.26181 27.89821 27.39635 30.11749 30.97667 29.48588 30.20062 32.42976 33.81588 34.77047 35.96207 37.30458 38.03370 36.11375 34.95862 36.95341 41.56783 44.69720 47.13497 49.30340 48.52797 49.11407 48.49728 47.30108 50.29998 51.70894 56.60694 60.40231 60.96103 61.89498 62.91979 60.88842 58.60973 56.16887 
61.55214 63.83222 64.72074 64.73401 62.26704 60.94560 58.47076 54.01908 50.99145 49.60290 48.07266 47.94497 47.36350 48.07378 48.75503 48.85918 49.30056 50.04249 48.89782 49.12568 47.29929 45.04602 43.53734 43.24586 42.78603 44.86003 45.98776 45.95488 46.65076 46.68126 47.18969 48.11526 48.60249 50.62665 51.82788 53.23623 53.95551 54.42867 52.80402 51.82019 51.85474 53.22349 52.21225 51.14764 49.49174 47.86893 47.60620 47.19851 47.01719 48.43895 47.86546 48.86608 51.06063 50.35544 48.64003 49.32300 49.49337 49.72456 48.95549 47.83281 46.70975 47.37998 47.01401 45.65219 46.30487 45.73827 44.43670 43.50631 42.97294 42.01310 41.06213 41.13327 41.60811 44.08752 43.52728 44.78020 44.67606 43.32163 42.07570 40.50942 40.87226 37.98463 36.41507 32.12455 29.14511 27.81255 25.42908 24.71733 23.90257 22.81929 23.74777 25.33056 25.67548 27.29271 28.42909 29.66146 30.69088 32.25566 31.85651 31.11679 32.28845 33.86193 34.62520 35.70327 36.77982 40.33801 39.95641 38.62893 36.06032 39.03965 42.63700 45.29506 48.22189 49.22105 48.52503 48.10158 47.58826 48.61386 50.37739 52.08669 55.47905 58.81129 59.67176 61.90299 62.64618 61.07064 59.44189 57.14939 
61.43592 62.97622 63.27360 64.20457 64.39409 61.71290 59.44083 57.01047 53.42175 50.60029 50.69883 49.72979 48.64878 48.92614 51.65443 53.17387 54.84909 54.97704 53.59898 52.88382 50.77862 48.63079 46.87012 46.01809 47.30464 46.63898 47.65209 47.58137 47.75893 47.15064 47.45202 49.22953 50.62727 53.46019 53.12078 54.57584 54.52582 54.59331 55.20833 55.48790 54.35755 54.49529 54.56445 53.10862 52.28753 48.76942 45.72478 45.60184 47.35931 49.27280 48.81419 49.55315 49.98099 49.98873 51.58764 52.32439 52.55243 50.05317 49.17235 48.26392 47.07928 48.11918 47.90499 45.91854 44.13477 42.89958 44.98396 44.79308 44.24132 42.88312 41.13788 39.74284 41.72158 43.96433 46.06941 45.67717 44.70184 41.54856 41.48141 41.63098 42.11504 41.06740 38.84918 35.01272 32.75612 28.88347 29.10270 27.78122 25.79258 23.76226 24.07395 25.79375 26.67349 28.82879 31.01490 33.12827 34.37598 33.44183 32.24807 33.20313 33.47839 34.49182 34.44379 37.27090 41.39310 42.74530 41.38175 38.06543 38.93617 40.46659 42.16956 45.15789 47.56387 47.74714 47.30370 47.25427 46.67812 48.57592 50.18595 53.46752 55.44229 57.70737 60.20538 62.95597 64.08927 63.56543 62.43930 59.42849 
61.91661 63.22792 64.43620 66.30768 66.18270 64.36495 62.92149 61.10418 56.80468 54.04584 54.45590 51.89015 52.05984 53.23183 54.41197 55.88326 57.43853 57.08255 56.36988 53.76992 51.41511 51.06931 49.25546 47.56830 47.88312 48.85329 48.62554 47.74674 49.32155 48.45553 48.81679 51.06396 51.96310 54.24572 54.46129 55.35060 55.52020 55.63467 56.60385 55.12004 56.15280 55.24689 54.57946 52.85929 52.25160 48.11667 44.85033 46.63407 47.48164 49.35761 48.44862 47.96012 49.99007 50.93192 51.75911 52.22851 52.10479 51.12134 50.17425 49.43787 48.48519 48.72009 48.55837 46.55459 45.17986 44.32213 45.13741 45.44256 44.75711 42.37786 41.91574 40.23851 42.72974 44.87587 45.95092 46.18409 45.03220 41.01386 41.31372 41.03744 41.60030 39.85036 39.10417 35.45710 31.52811 29.39793 29.30933 28.16099 27.34401 25.54576 26.92692 28.33998 29.38343 29.77294 31.86346 34.35567 35.60556 34.86405 35.30327 34.68254 35.42918 36.56718 35.67485 39.59321 41.40345 42.41841 41.45049 39.68202 39.32298 40.71983 43.01582 46.29716 47.93077 48.28171 47.79213 47.88768 46.75079 48.96600 51.63890 53.96541 55.51348 58.23567 60.83811 63.11855 63.19778 63.24214 62.74515 59.98788 
63.50872 63.88080 65.86468 68.42592 68.26510 66.82146 64.95351 64.30470 62.08072 60.10440 58.31182 56.52924 55.72840 56.65799 56.09179 56.84332 57.22666 56.44581 55.66953 52.77165 52.39236 52.14831 51.22617 49.95163 48.63180 48.83536 50.00772 50.16994 51.21134 50.47819 51.49497 52.90001 53.17656 56.18303 56.36687 55.57029 56.29882 55.54187 55.58609 56.48671 56.18546 53.78634 53.03411 53.10461 51.37309 48.95951 45.88331 47.09695 46.80358 48.10267 46.38126 47.13317 49.23097 49.38636 50.23731 50.53833 51.36802 51.10128 52.39296 52.25150 50.17036 49.24924 49.04191 47.44626 46.14847 45.90844 44.83231 45.63133 44.78282 43.25216 43.73501 42.84305 43.74036 44.96677 45.71897 44.69612 43.54278 40.27956 40.19920 40.45747 40.15513 39.34204 38.05996 34.40155 31.22857 30.62642 30.32936 29.68855 30.60314 28.30741 27.69190 28.48812 29.75454 31.28942 31.22348 32.68601 34.96834 36.95259 38.55142 39.92320 39.06136 38.87397 37.82420 41.09237 42.50751 42.28076 42.36148 41.44717 40.60289 42.39987 42.65670 45.12988 46.14080 46.19576 47.52389 48.52419 48.03724 50.37268 53.28283 55.95892 58.68370 60.00626 61.22891 62.49106 61.43396 61.46347 60.74210 58.89091 
65.38590 65.67489 66.52673 67.67049 68.02332 66.16643 65.62041 65.31204 64.20100 62.66217 62.04073 62.10198 62.01239 58.82789 55.75066 55.76983 55.11089 55.83956 54.11906 53.04211 53.77473 54.07264 52.56955 50.30040 49.47339 50.96577 53.38008 53.17522 54.61060 54.79279 53.62308 55.73737 57.09283 56.67180 56.51727 56.39520 56.25248 55.30984 55.18672 54.30467 53.54791 52.93532 52.32177 51.30302 49.64708 48.51250 48.26682 47.59436 47.10186 48.13075 46.38355 45.71842 45.74567 48.00906 49.65426 49.20719 50.50730 52.81688 51.71186 51.84601 51.07224 50.87577 51.02643 50.71136 47.86330 45.99203 45.10331 46.07111 46.60393 46.23106 47.51856 45.74688 44.71711 44.83329 46.21677 45.20181 42.24993 38.14053 38.91569 39.48282 38.64399 38.37079 37.55770 34.88777 33.07018 31.71316 34.52201 33.59498 32.32781 28.63603 27.80247 30.62969 32.00809 31.99198 31.82191 33.66309 34.95831 37.09241 40.90897 41.73009 41.93391 42.22340 40.85853 42.41346 42.47719 43.07230 43.19806 43.35694 44.32003 44.67110 44.93778 45.34301 46.52346 47.28668 47.24302 48.51414 51.49871 55.40871 57.58764 59.55325 62.16439 63.74541 61.97568 61.00692 61.68379 61.06361 60.40207 58.72479 
64.70938 66.06814 66.86606 66.81168 67.06089 66.24378 65.87992 65.85301 66.39002 65.63373 66.64708 67.48293 67.54516 63.79810 60.99805 58.31282 57.46574 56.19478 53.65932 53.42690 54.19057 55.31134 53.81709 52.54645 52.27914 53.01266 55.20888 56.40448 55.69492 56.87372 56.09846 57.88509 57.88936 58.18110 58.82749 57.38509 56.99485 56.35285 55.24329 55.70985 54.44063 53.06177 52.29227 50.43664 49.31230 47.47896 47.45815 46.92099 46.41525 46.59025 46.09729 45.73118 45.02546 47.25261 48.54067 49.36031 50.89648 51.41832 52.29296 53.01714 52.85821 51.63307 51.83076 51.81214 48.64731 46.89737 47.02798 46.77626 46.83865 46.52483 46.58748 46.61766 45.04335 44.47936 45.86613 44.03979 40.67120 37.98776 39.25621 38.86703 38.56422 37.96818 37.73991 35.72879 34.95954 34.51418 37.01055 37.20933 35.49466 31.37499 30.09680 31.93967 33.01921 33.31429 35.06567 35.62389 37.38903 39.08130 41.97916 43.80232 43.88694 43.15364 43.16422 43.29813 43.33130 42.93017 43.66360 43.86943 43.69127 44.42265 45.66640 44.66208 45.89733 47.15191 48.73740 49.82527 52.98380 56.70302 60.46223 60.79383 62.84616 64.70597 62.16782 60.03630 59.94340 60.38519 58.83074 57.57235 
64.84360 64.60266 65.57266 65.90643 65.95586 64.58768 65.16003 65.75344 68.72626 69.09959 70.89301 72.43359 72.27730 69.56286 66.14632 63.33686 60.16476 55.73003 53.48805 53.64773 54.17886 55.72480 55.01511 54.23222 53.46994 53.09130 53.58976 55.81395 56.81524 57.19981 57.56570 57.79449 59.64633 60.18850 59.46848 59.22583 58.22250 58.17541 56.22145 55.93755 55.52575 52.96192 51.46503 49.53802 48.92801 47.27761 48.61884 46.64391 44.47274 44.96187 46.04436 45.55984 43.99809 46.91561 49.18979 50.79553 51.33331 50.51368 51.69836 52.72499 53.37611 52.97272 52.72397 52.48719 51.26970 52.26196 48.78564 47.05212 45.62726 45.03875 45.65121 45.66691 45.28264 45.08384 45.68635 44.03446 41.54385 40.68673 40.66127 40.13757 39.00144 38.67062 39.38842 36.99168 35.82092 36.32994 37.41429 38.38510 38.36052 35.52639 34.01830 33.49365 34.22416 34.79525 38.30194 39.67615 40.23474 42.33350 44.22688 43.92481 43.52520 43.08075 43.50822 43.59662 43.54659 42.82060 41.73833 41.25383 41.13665 41.35679 43.38197 43.98341 44.83367 45.75019 49.24030 52.38061 54.83748 58.76388 60.92223 60.55165 61.72240 61.70263 58.93818 58.53728 57.86175 58.23401 57.74080 56.75377 
66.38435 67.03585 67.31721 67.47343 65.90172 65.57929 65.56078 67.43758 69.68576 71.23469 72.75264 74.23763 73.85094 71.54572 69.92959 66.52740 61.17116 56.31633 53.85634 52.92888 53.30432 54.32447 54.69670 55.21200 53.53716 53.95314 55.96370 56.66380 57.67961 57.00065 55.58753 56.68684 59.30141 61.33632 62.73655 62.89025 61.74280 60.39243 58.46862 57.86007 55.49260 50.88051 49.74997 47.78453 47.95479 47.97462 47.70103 45.98103 44.41876 43.24167 44.35300 45.84924 46.08989 46.25369 47.79012 49.88414 50.34676 49.13043 49.94009 50.25266 49.83987 52.93918 52.79656 52.25301 51.90941 52.03554 48.50185 45.85470 44.55825 45.12996 45.76548 45.25705 44.93058 43.69013 43.51517 44.31150 43.68528 42.52394 42.22338 40.53311 39.13814 39.11586 39.65831 38.46188 38.59595 40.09583 40.05981 39.93712 38.27549 38.83039 37.97617 36.98280 37.50224 37.02296 40.49612 40.65378 40.67112 42.90167 44.00808 44.53600 44.73304 45.80701 45.40788 45.29992 42.64106 40.59685 40.62782 41.74553 40.78582 41.81042 44.76108 45.14195 44.94738 47.48283 51.13461 54.01190 57.30864 59.73149 61.74205 61.98730 60.66491 58.16362 59.32449 58.72308 58.65880 57.69813 57.61699 58.31939 
66.64044 68.34796 69.37951 68.88918 66.58797 67.01936 67.04144 69.07550 70.60500 72.43700 73.98419 75.24867 74.74718 74.13577 71.35726 68.33880 62.08752 58.95070 55.68648 54.30170 53.89360 55.71758 55.43163 55.84079 55.51190 56.80708 57.99908 57.99523 58.63721 57.46229 55.76661 58.37347 60.10838 63.22646 63.36583 64.72166 62.34871 60.95560 59.62588 57.20010 54.05243 49.74768 49.05602 47.10765 46.68540 45.68167 45.79236 44.19836 42.64766 42.08740 43.08940 44.40786 44.67311 45.34523 46.46774 49.08220 49.26859 48.29755 48.73950 49.62686 49.82360 52.61433 52.56562 52.25169 51.19720 50.21389 47.84985 44.92136 43.51760 44.84235 45.07038 44.63861 44.08990 43.64093 43.34059 42.97853 43.56749 43.09584 41.80002 40.61768 39.46749 39.19090 39.54786 39.27227 40.11156 40.45029 40.79740 40.42369 38.46781 39.07514 39.69703 39.31407 39.42133 39.28449 41.84243 43.04911 43.01468 44.87592 45.81718 45.68536 45.79211 47.63148 47.51716 45.46356 43.39768 42.20397 40.91257 41.85056 42.55490 43.64966 44.57873 45.33001 45.07952 47.70626 51.10539 55.07965 57.08635 59.63852 60.84779 61.68398 59.65751 57.03614 57.54661 57.53924 57.86600 57.19373 57.09463 58.78387 
67.03650 69.66979 69.93415 69.01275 68.81535 68.56210 68.90216 69.25606 72.01932 72.28645 73.99641 74.23094 74.61069 74.85092 71.79138 69.22791 64.56975 63.05621 60.78250 58.63351 58.07868 58.29679 58.43568 59.01883 58.36427 60.58852 62.37484 62.20758 59.76934 58.15137 59.27951 59.81038 60.94574 63.99180 63.59400 62.94462 60.17547 59.51557 58.50481 54.47957 51.48404 49.71190 47.62633 45.49876 43.79203 42.29303 41.15271 40.59966 40.33042 41.36770 39.96427 40.54034 42.35559 42.33649 44.55399 47.97255 49.46864 48.95826 50.25589 51.58077 49.99040 51.32215 52.92816 54.16912 52.16011 49.59848 47.06393 44.70671 43.90106 44.01245 43.64698 41.43503 40.72684 41.57100 43.71016 41.06621 41.01091 42.12032 41.05840 40.14320 41.15743 39.85956 40.45205 40.66851 41.13229 39.04758 39.60215 39.89707 39.22932 37.98983 38.77588 40.63217 42.36184 42.80385 44.12186 45.94801 47.10812 47.30337 47.71469 47.35238 48.32658 47.76107 47.43273 46.30817 43.65234 42.93346 43.49844 43.33131 43.18372 43.79872 45.92918 45.41972 45.60324 47.59679 51.31662 53.01122 55.93703 59.07931 60.61768 59.49003 58.46527 58.87679 57.25897 56.52576 58.83348 57.67579 59.05245 58.10647 
